Cover Rate 影响分析 - 描述性统计
================================================================================

           attack_rate                                                   stealth_rate                                         transfer_rate                                        
                 count      mean       std    median       min       max         mean       std    median       min       max          mean       std    median       min       max
cover_rate                                                                                                                                                                         
0.001                6  0.624311  0.433401  0.796677  0.010149  0.995134     0.670177  0.228631  0.642324  0.391253  0.950849      0.476276  0.374247  0.490391  0.042344  0.918594
0.002                6  0.606655  0.423929  0.757890  0.009454  0.985681     0.775846  0.133349  0.744547  0.628627  0.937109      0.454714  0.349373  0.460000  0.043750  0.883750
0.003                6  0.589207  0.435979  0.726887  0.008898  0.990546     0.797798  0.122953  0.755441  0.673845  0.951273      0.458411  0.359781  0.455704  0.049375  0.902656
0.004                6  0.557880  0.418969  0.671069  0.009315  0.965383     0.714851  0.194019  0.709870  0.488847  0.921924      0.392136  0.310745  0.376875  0.043906  0.790000
0.005                6  0.565619  0.416631  0.689351  0.007924  0.961212     0.723839  0.172025  0.728259  0.508969  0.947986      0.416250  0.328425  0.411797  0.042500  0.820625
0.006                6  0.569072  0.425025  0.682539  0.009454  0.980398     0.768268  0.164227  0.799209  0.551673  0.929393      0.407604  0.326902  0.395000  0.040625  0.827031
0.008                6  0.504472  0.396371  0.579244  0.008619  0.917559     0.921239  0.047368  0.915735  0.867995  0.981900      0.353490  0.277780  0.334687  0.049219  0.716562
0.010                6  0.515455  0.406935  0.583206  0.009037  0.947171     0.939137  0.072755  0.975475  0.803800  0.990925      0.447682  0.346536  0.451328  0.042813  0.873437
0.015                6  0.478104  0.405750  0.504935  0.007368  0.941471     0.830862  0.163271  0.892544  0.605903  0.981375      0.375911  0.320791  0.336484  0.037187  0.810625
0.020                6  0.401270  0.361905  0.387043  0.008202  0.845683     0.968094  0.018118  0.977509  0.939349  0.981250      0.279193  0.224526  0.245000  0.046719  0.588281